75
XP_001351627.1_rhomboid_protease_ROM4__Plasmodium_falciparum_3D7                                                0.0000000 0.0102612 0.0073141 0.0087712 0.0117344 0.0103333 0.0045130 0.0122593 0.0360685 0.0061205 0.0000010 0.0016028 0.0284622 0.0157968 0.0513706 1.1224212 1.1227313 1.1537290 1.1266222 1.1268584 1.1284342 1.0530162 1.0447905 1.0662279 1.2612153 0.9969542 0.0466760 1.0051144 1.6323199 1.2553418 1.6394867 0.1724499 0.2995064 1.6164492 1.5865409 1.6479967 1.2038479 1.4346178 1.5588968 1.4521119 0.9100897 1.5703671 1.4459841 1.4607379 1.3000664 1.4493099 1.9370399 2.0227956 1.7072937 1.7838151 1.8903444 2.2990605 2.2980028 2.2078106 2.0164146 2.3531231 1.9792353 2.3558644 2.3558644 1.7749849 2.3663213 2.0717051 2.0866662 2.3671374 2.0920937 2.6160693 2.6478890 1.8381078 2.4792745 2.4706933 2.5072610 2.4850199 2.4706933 1.9682593 2.3114615 
KNG75580.1_rhomboid-like_protease_4__Plasmodium_falciparum_IGH-CR14                                             0.0102612 0.0000000 0.0029055 0.0014548 0.0014511 0.0043919 0.0014976 0.0076307 0.0393102 0.0045999 0.0048152 0.0031990 0.0267990 0.0158204 0.0568637 1.1179433 1.1182496 1.1445588 1.1221219 1.1223576 1.1239254 1.0476159 1.0394320 1.0607899 1.2544272 0.9946827 0.0150388 0.9895768 1.6289144 1.2526063 1.6360567 0.1351806 0.2980004 1.6159992 1.5860404 1.6475144 1.1997121 1.4379582 1.5642587 1.4599884 0.9100897 1.5532345 1.4312595 1.4640967 1.3000664 1.4493099 1.9400214 2.0227956 1.7072937 1.7838151 1.8903444 2.2990969 2.2980392 2.2078106 2.0164146 2.3531231 1.9792353 2.3558644 2.3558644 1.7749849 2.3663213 2.0717051 2.0866662 2.3671374 2.0920937 2.6160693 2.6478890 1.8381078 2.4792745 2.4706933 2.5072610 2.4850199 2.4706933 1.9682593 2.3114615 
ETW20059.1_hypothetical_protein_PFFVO_00959__Plasmodium_falciparum_Vietnam_Oak-Knoll__FVO_                      0.0073141 0.0029055 0.0000000 0.0043719 0.0043609 0.0043951 0.0029963 0.0076186 0.0377112 0.0045926 0.0032078 0.0015983 0.0283863 0.0158204 0.0550426 1.1140023 1.1143055 1.1406006 1.1181643 1.1183998 1.1199618 1.0467262 1.0385452 1.0599001 1.2534234 0.9995104 0.0227222 0.9950038 1.6252945 1.2555483 1.6324111 0.1471161 0.2872300 1.6081046 1.5778202 1.6384308 1.2042242 1.4347415 1.5557008 1.4482631 0.9100897 1.5613026 1.4421519 1.4608427 1.3000664 1.4493099 1.9385425 2.0227956 1.7072937 1.7838151 1.8903444 2.2787823 2.2770700 2.2078106 2.0164146 2.3531231 1.9792353 2.3558644 2.3558644 1.7749849 2.3663213 2.0717051 2.0866662 2.3671374 2.0920937 2.6160693 2.6478890 1.8381078 2.4792745 2.4706933 2.5072610 2.4850199 2.4706933 1.9682593 2.3114615 
KOB85089.1_hypothetical_protein_PFDG_00450__Plasmodium_falciparum_Dd2                                           0.0087712 0.0014548 0.0043719 0.0000000 0.0029114 0.0058745 0.0030050 0.0091870 0.0376295 0.0030578 0.0032004 0.0048152 0.0284711 0.0140166 0.0549099 1.1204864 1.1207947 1.1471186 1.1246766 1.1249125 1.1264844 1.0500677 1.0418653 1.0632561 1.2574687 0.9976751 0.0150388 0.9929333 1.6289144 1.2526063 1.6360567 0.1351806 0.2980004 1.6159992 1.5860404 1.6475144 1.1997121 1.4379582 1.5642587 1.4599884 0.9100897 1.5532345 1.4312595 1.4640967 1.3000664 1.4493099 1.9400214 2.0227956 1.7072937 1.7838151 1.8903444 2.2990969 2.2980392 2.2078106 2.0164146 2.3531231 1.9792353 2.3558644 2.3558644 1.7749849 2.3663213 2.0717051 2.0866662 2.3671374 2.0920937 2.6160693 2.6478890 1.8381078 2.4792745 2.4706933 2.5072610 2.4850199 2.4706933 1.9682593 2.3114615 
ETW38252.1_hypothetical_protein_PFTANZ_01064__Plasmodium_falciparum_Tanzania__2000708_                          0.0117344 0.0014511 0.0043609 0.0029114 0.0000000 0.0058595 0.0029971 0.0091627 0.0409097 0.0061372 0.0064246 0.0048018 0.0283945 0.0175914 0.0586850 1.1133077 1.1136107 1.1399314 1.1174714 1.1177070 1.1192697 1.0430407 1.0348759 1.0562076 1.2490975 0.9972814 0.0150388 0.9924913 1.6326111 1.2562166 1.6397826 0.1351806 0.2980004 1.6204047 1.5906221 1.6525959 1.1997121 1.4379582 1.5642587 1.4599884 0.9100897 1.5532345 1.4312595 1.4640967 1.3000664 1.4493099 1.9400214 2.0227956 1.7072937 1.7838151 1.8903444 2.3109026 2.3102289 2.2078106 2.0164146 2.3531231 1.9792353 2.3558644 2.3558644 1.7749849 2.3663213 2.0717051 2.0866662 2.3671374 2.0920937 2.6160693 2.6478890 1.8381078 2.4792745 2.4706933 2.5072610 2.4850199 2.4706933 1.9682593 2.3114615 
ETW44486.1_hypothetical_protein_PFNF135_01053__Plasmodium_falciparum_NF135/5.C10                                0.0103333 0.0043919 0.0043951 0.0058745 0.0058595 0.0000000 0.0060491 0.0092198 0.0396251 0.0061756 0.0032126 0.0016007 0.0284280 0.0177504 0.0480278 1.1235692 1.1238822 1.1454414 1.1278026 1.1280404 1.1296283 1.0473821 1.0391276 1.0606680 1.2560940 0.9995104 0.0315572 0.9950038 1.6341653 1.2555483 1.6413976 0.1466426 0.3199424 1.6185160 1.5884024 1.6507098 1.2042242 1.4347415 1.5550569 1.4482631 0.9100897 1.5655444 1.4421519 1.4608427 1.3000664 1.4493099 1.9554438 2.0227956 1.7072937 1.7838151 1.8903444 2.3166757 2.3161856 2.2078106 2.0164146 2.3531231 1.9792353 2.3558644 2.3558644 1.7749849 2.3663213 2.0717051 2.0866662 2.3671374 2.0920937 2.6160693 2.6478890 1.8381078 2.4792745 2.4706933 2.5072610 2.4850199 2.4706933 1.9682593 2.3114615 
KOB59148.1_hypothetical_protein_PFHG_00906__Plasmodium_falciparum_HB3                                           0.0045130 0.0014976 0.0029963 0.0030050 0.0029971 0.0060491 0.0000000 0.0091645 0.0283546 0.0061384 0.0032079 0.0015984 0.0252051 0.0159975 0.0550437 1.0602408 1.0602751 1.0926455 1.0643408 1.0643408 1.0658835 1.0488658 1.0406738 1.0480373 1.2413430 0.9891557 0.0179008 0.9962599 1.5829187 1.2523985 1.5899861 0.1734550 0.3478372 1.5604320 1.5266569 1.5850223 1.1993326 1.4378368 1.5671406 1.4638674 0.9100897 1.5560818 1.4350600 1.4639942 1.3000664 1.4493099 1.8825736 2.0227956 1.7072937 1.7838151 1.8903444 2.2144222 2.2104306 2.2078106 2.0164146 2.3531231 1.9792353 2.3558644 2.3558644 1.7749849 2.3663213 2.0717051 2.0866662 2.3671374 2.0920937 2.6160693 2.6478890 1.8381078 2.4792745 2.4706933 2.5072610 2.4850199 2.4706933 1.9682593 2.3114615 
ETW51041.1_hypothetical_protein_PFMALIP_00988__Plasmodium_falciparum_MaliPS096_E11                              0.0122593 0.0076307 0.0076186 0.0091870 0.0091627 0.0092198 0.0091645 0.0000000 0.0349095 0.0061511 0.0064269 0.0048035 0.0284633 0.0214748 0.0587079 1.0369510 1.0369717 1.0681515 1.0410118 1.0410118 1.0425405 1.0440619 1.0359039 1.0390983 1.2307505 1.0036273 0.0496962 1.0044322 1.5645505 1.2467739 1.5715881 0.2498941 0.3355399 1.5444689 1.5093930 1.5671378 1.1905791 1.4332406 1.5683019 1.4654255 0.9100897 1.5686169 1.4520347 1.4593047 1.3000664 1.4493099 1.8916839 2.0227956 1.7072937 1.7838151 1.8903444 2.1959318 2.1912080 2.2078106 2.0164146 2.3531231 1.9792353 2.3558644 2.3558644 1.7749849 2.3663213 2.0717051 2.0866662 2.3671374 2.0920937 2.6160693 2.6478890 1.8381078 2.4792745 2.4706933 2.5072610 2.4850199 2.4706933 1.9682593 2.3114615 
ETW53575.1_hypothetical_protein_PFUGPA_04591__Plasmodium_falciparum_Palo_Alto/Uganda                            0.0360685 0.0393102 0.0377112 0.0376295 0.0409097 0.0396251 0.0283546 0.0349095 0.0000000 0.0268104 0.0214676 0.0231900 0.0506261 0.0265566 0.0549534 1.0626884 1.0627242 1.0975852 1.0667960 1.0667960 1.0683414 1.0504290 1.0422213 1.0629036 1.2570574 1.0296480 0.2888886 1.0211940 1.6400273 1.2553418 1.6475960 0.7288258 0.7786779 1.6247847 1.5934157 1.6597623 1.2038479 1.4777180 1.6313221 1.4521119 0.9100897 1.6436458 1.4459841 1.4994789 1.3494207 1.4976949 1.9278585 2.0393368 1.7072937 1.7838151 1.8903444 2.4041676 2.4068636 2.1814554 2.0164146 2.3721953 2.0060867 2.3720717 2.3720717 1.7648505 2.3663213 2.0973934 2.1125905 2.3671374 2.1182056 2.7744886 2.8093536 1.8381078 2.6314709 2.6217980 2.6466122 2.6308862 2.6217980 1.9970418 2.3114615 
EUR77371.1_hypothetical_protein_PFBG_00947__Plasmodium_falciparum_7G8                                           0.0061205 0.0045999 0.0045926 0.0030578 0.0061372 0.0061756 0.0061384 0.0061511 0.0268104 0.0000000 0.0048056 0.0064269 0.0317301 0.0141729 0.0567463 1.0447428 1.0447681 1.0716327 1.0488317 1.0488317 1.0503722 1.0477494 1.0395614 1.0469201 1.2400752 1.0019502 0.0200565 0.9936952 1.5590500 1.2467739 1.5661058 0.2063868 0.3948900 1.5376830 1.5019425 1.5595893 1.1905791 1.4251392 1.5764048 1.4654255 0.9100897 1.5766906 1.4520347 1.4514547 1.2869352 1.4387486 1.8999981 2.0154296 1.7072937 1.7838151 1.8903444 2.1913599 2.1864073 2.1864959 2.0164146 2.3280321 1.9430052 2.3346373 2.3346373 1.7471918 2.3663213 2.0395277 2.0545762 2.3671374 2.0599116 2.6197164 2.6523695 1.8381078 2.4803533 2.4716054 2.5087936 2.4862110 2.4716054 1.9290844 2.3114615 
EWC90272.1_hypothetical_protein_PFNF54_00894__Plasmodium_falciparum_NF54                                        0.0000010 0.0048152 0.0032078 0.0032004 0.0064246 0.0032126 0.0032079 0.0064269 0.0214676 0.0048056 0.0000000 0.0016028 0.0032079 0.0149767 0.0410777 0.9902892 0.9902849 1.0178545 0.9943660 0.9943660 0.9959008 1.0006452 0.9923506 0.9923506 1.1845917 0.9922807 0.0288125 0.9909683 1.5024735 1.2553418 1.5094767 0.3493543 0.3612819 1.4583014 1.4171100 1.4695128 1.2038479 1.4265137 1.5440426 1.4521119 0.9100897 1.5460886 1.4459841 1.4528862 1.2869352 1.4387486 1.8718721 2.0154296 1.7072937 1.7838151 1.8903444 2.0646116 2.0546067 2.1864959 2.0164146 2.3280321 1.9430052 2.3346373 2.3346373 1.7471918 2.3663213 2.0395277 2.0545762 2.3671374 2.0599116 2.6197164 2.6523695 1.8381078 2.4803533 2.4716054 2.5087936 2.4862110 2.4716054 1.9290844 2.3114615 
ETW28114.1_hypothetical_protein_PFFCH_04465__Plasmodium_falciparum_FCH/4                                        0.0016028 0.0031990 0.0015983 0.0048152 0.0048018 0.0016007 0.0015984 0.0048035 0.0231900 0.0064269 0.0016028 0.0000000 0.0015984 0.0169079 0.0430040 0.9879085 0.9879030 1.0154315 0.9919740 0.9919740 0.9935045 0.9982358 0.9899593 0.9899593 1.1816185 0.9893045 0.0288125 0.9875800 1.5024735 1.2553418 1.5094767 0.3493543 0.3612819 1.4583014 1.4171100 1.4695128 1.2038479 1.4265137 1.5440426 1.4521119 0.9100897 1.5460886 1.4459841 1.4528862 1.2869352 1.4387486 1.8718721 2.0154296 1.7072937 1.7838151 1.8903444 2.0646116 2.0546067 2.1864959 2.0164146 2.3280321 1.9430052 2.3346373 2.3346373 1.7471918 2.3663213 2.0395277 2.0545762 2.3671374 2.0599116 2.6197164 2.6523695 1.8381078 2.4803533 2.4716054 2.5087936 2.4862110 2.4716054 1.9290844 2.3114615 
EUT90558.1_hypothetical_protein_PFAG_00914__Plasmodium_falciparum_Santa_Lucia                                   0.0284622 0.0267990 0.0283863 0.0284711 0.0283945 0.0284280 0.0252051 0.0284633 0.0506261 0.0317301 0.0032079 0.0015984 0.0000000 0.0461866 0.0444255 1.0346923 1.0347120 1.0618496 1.0388016 1.0388016 1.0403486 1.0451291 1.0368607 1.0368607 1.2309477 0.9845053 0.2296460 0.9821148 1.5549996 1.2523985 1.5621359 0.6214404 0.5303011 1.5259608 1.4894330 1.5465696 1.1993326 1.4297554 1.5963426 1.4638674 0.9100897 1.5816290 1.4350600 1.4561661 1.2869352 1.4387486 1.9243065 2.0154296 1.7072937 1.7838151 1.8903444 2.1858261 2.1805350 2.1864959 2.0164146 2.3280321 1.9430052 2.3346373 2.3346373 1.7471918 2.3663213 2.0395277 2.0545762 2.3671374 2.0599116 2.6197164 2.6523695 1.8381078 2.4803533 2.4716054 2.5087936 2.4862110 2.4716054 1.9290844 2.3114615 
KNC37912.1_rhomboid-like_protease_4_partial__Plasmodium_falciparum_RAJ116                                       0.0157968 0.0158204 0.0158204 0.0140166 0.0175914 0.0177504 0.0159975 0.0214748 0.0265566 0.0141729 0.0149767 0.0169079 0.0461866 0.0000000 0.0723428 1.0557740 1.0558085 1.0619102 1.0602322 1.0602322 1.0619102 1.0447316 1.0358162 1.0590962 1.2717215 0.9811396 0.0254367 0.9869203 1.6224931 1.2387777 1.6277304 0.3095867 0.5185132 1.5700148 1.5343835 1.6075869 1.1628347 1.3606595 1.4334294 1.2638752 0.9100897 1.4602738 1.2749884 1.3676279 1.2830193 1.4093633 1.9566958 2.0570676 1.7442018 1.8113281 1.8990719 2.3259827 2.3257747 2.1440997 2.1539768 2.3115245 1.8843155 2.4566165 2.4566165 1.7471918 2.3663213 2.0638296 2.0804201 2.5107434 2.0864159 2.5840130 2.6770958 1.9186592 2.5729843 2.5630046 2.5729843 2.5729843 2.5630046 1.8649685 2.3502586 
ETW58808.1_hypothetical_protein_PFMC_05306__Plasmodium_falciparum_CAMP/Malaysia                                 0.0513706 0.0568637 0.0550426 0.0549099 0.0586850 0.0480278 0.0550437 0.0587079 0.0549534 0.0567463 0.0410777 0.0430040 0.0444255 0.0723428 0.0000000 0.9608858 0.9621879 0.9657689 0.9649525 0.9649525 0.9657689 0.9704998 0.9628818 0.9628818 1.1536482 0.9915779 1.3492833 0.9773389 1.4816319 1.2553418 1.4872654 0.8916667 1.2094508 1.4305916 1.3833986 1.4382536 1.2038479 1.4205930 1.5547387 1.4521119 0.9100897 1.5654561 1.4459841 1.4451229 1.2701843 1.4417535 1.8531514 1.9775675 1.7072937 1.7838151 1.8903444 2.0686467 2.0577804 2.0890688 2.0164146 2.3115245 1.8643894 2.3208488 2.3208488 1.7471918 2.3663213 1.9698360 1.9850596 2.3671374 1.9901865 2.6089017 2.6350409 1.8381078 2.4660600 2.4571543 2.4901578 2.4660600 2.4571543 1.8438853 2.3114615 
XP_018636544.1_rhomboid_protease_ROM4__Toxoplasma_gondii_ME49                                                   1.1224212 1.1179433 1.1140023 1.1204864 1.1133077 1.1235692 1.0602408 1.0369510 1.0626884 1.0447428 0.9902892 0.9879085 1.0346923 1.0557740 0.9608858 0.0000000 0.0093858 0.0336675 0.0015549 0.0031149 0.0046773 0.0049248 0.0016408 0.0032373 0.0781857 1.0094185 5.2724087 1.0812805 1.2362296 1.0732151 1.2283456 4.4172501 3.9124421 1.1946215 1.1489193 1.1959933 1.0257262 1.3048947 1.4573254 1.3074743 0.8204300 1.4507145 1.3046196 1.2937468 1.1297711 1.2860608 1.9025573 1.6851068 1.8355181 1.8960017 2.1249356 1.5369943 1.5135003 2.2960759 2.1736110 2.2123198 2.0634179 2.3755609 2.3755609 2.0197310 2.2750745 2.2469214 2.2638734 2.4378140 2.2904160 2.5760787 2.5031149 2.2448157 2.3330037 2.3243847 2.3946447 2.3330037 2.3243847 2.0356684 2.1983414 
KFH16851.1_rhomboid_protease_ROM4__Toxoplasma_gondii_MAS                                                        1.1227313 1.1182496 1.1143055 1.1207947 1.1136107 1.1238822 1.0602751 1.0369717 1.0627242 1.0447681 0.9902849 0.9879030 1.0347120 1.0558085 0.9621879 0.0093858 0.0000000 0.0352559 0.0078118 0.0062393 0.0046757 0.0065752 0.0065889 0.0081198 0.0800312 1.0094185 5.2337790 1.0812805 1.2344058 1.0732151 1.2265279 4.4166270 3.9254714 1.1924637 1.1466615 1.1935553 1.0257262 1.3048947 1.4573254 1.3074743 0.8204300 1.4507145 1.3046196 1.2937468 1.1297711 1.2860608 1.8872384 1.6791091 1.8355181 1.8960017 2.1249356 1.5331080 1.5094994 2.2960759 2.1736110 2.2061439 2.0634179 2.3698387 2.3698387 2.0197310 2.2684990 2.2469214 2.2638734 2.4317647 2.2904160 2.5760787 2.5031149 2.2448157 2.3330037 2.3243847 2.3946447 2.3330037 2.3243847 2.0356684 2.1983414 
KAF4642453.1_rhomboid_protease_ROM4__Toxoplasma_gondii                                                          1.1537290 1.1445588 1.1406006 1.1471186 1.1399314 1.1454414 1.0926455 1.0681515 1.0975852 1.0716327 1.0178545 1.0154315 1.0618496 1.0619102 0.9657689 0.0336675 0.0352559 0.0000000 0.0320239 0.0319693 0.0303456 0.0016381 0.0016415 0.0032367 0.0745448 1.0306671 4.8168354 1.1034023 1.2852487 1.0732151 1.2771982 4.0781509 3.7847946 1.2526075 1.2095938 1.2614994 1.0257262 1.3204402 1.4833819 1.3074743 0.8204300 1.4727954 1.3046196 1.3121794 1.1606840 1.3068620 1.9030344 1.7315787 1.8355181 1.8960017 2.1249356 1.6417920 1.6213267 2.3729097 2.1736110 2.3533762 2.2014194 2.4984171 2.4984171 2.0273415 2.2684990 2.3691552 2.3859987 2.4317647 2.4128891 2.6884242 2.5863660 2.2448157 2.4484250 2.4393703 2.4724011 2.4171890 2.4393703 2.1855839 2.1983414 
KYF47169.1_rhomboid_protease_ROM4__Toxoplasma_gondii_ARI                                                        1.1266222 1.1221219 1.1181643 1.1246766 1.1174714 1.1278026 1.0643408 1.0410118 1.0667960 1.0488317 0.9943660 0.9919740 1.0388016 1.0602322 0.9649525 0.0015549 0.0078118 0.0320239 0.0000000 0.0015555 0.0031143 0.0032790 0.0000010 0.0016166 0.0763458 1.0094185 5.2724087 1.0812805 1.2362296 1.0732151 1.2283456 4.4172501 3.9124421 1.1946215 1.1489193 1.1959933 1.0257262 1.3048947 1.4573254 1.3074743 0.8204300 1.4507145 1.3046196 1.2937468 1.1297711 1.2860608 1.9025573 1.6791091 1.8355181 1.8960017 2.1249356 1.5369943 1.5135003 2.2960759 2.1736110 2.2061439 2.0634179 2.3698387 2.3698387 2.0197310 2.2684990 2.2469214 2.2638734 2.4317647 2.2904160 2.5760787 2.5031149 2.2448157 2.3330037 2.3243847 2.3946447 2.3330037 2.3243847 2.0356684 2.1983414 
ESS36309.1_rhomboid_protease_ROM4__Toxoplasma_gondii_VEG                                                        1.1268584 1.1223576 1.1183998 1.1249125 1.1177070 1.1280404 1.0643408 1.0410118 1.0667960 1.0488317 0.9943660 0.9919740 1.0388016 1.0602322 0.9649525 0.0031149 0.0062393 0.0319693 0.0015555 0.0000000 0.0015547 0.0032790 0.0000010 0.0016166 0.0763458 1.0094185 5.2711059 1.0812805 1.2363336 1.0732151 1.2284479 4.4166270 3.9124682 1.1947358 1.1490288 1.1961228 1.0257262 1.3048947 1.4573254 1.3074743 0.8204300 1.4507145 1.3046196 1.2937468 1.1297711 1.2860608 1.9003430 1.6791091 1.8355181 1.8960017 2.1249356 1.5373275 1.5138346 2.2960759 2.1736110 2.2061439 2.0634179 2.3698387 2.3698387 2.0197310 2.2684990 2.2469214 2.2638734 2.4317647 2.2904160 2.5760787 2.5031149 2.2448157 2.3330037 2.3243847 2.3946447 2.3330037 2.3243847 2.0356684 2.1983414 
EPR64839.1_rhomboid_protease_ROM4__Toxoplasma_gondii_GT1                                                        1.1284342 1.1239254 1.1199618 1.1264844 1.1192697 1.1296283 1.0658835 1.0425405 1.0683414 1.0503722 0.9959008 0.9935045 1.0403486 1.0619102 0.9657689 0.0046773 0.0046757 0.0303456 0.0031143 0.0015547 0.0000000 0.0016381 0.0016415 0.0032367 0.0745448 1.0094185 5.3168071 1.0812805 1.2341353 1.0732151 1.2262633 4.4166270 3.9430612 1.1921755 1.1463964 1.1932287 1.0257262 1.3048947 1.4573254 1.3074743 0.8204300 1.4507145 1.3046196 1.2937468 1.1297711 1.2860608 1.8994086 1.6791091 1.8355181 1.8960017 2.1249356 1.5321370 1.5085310 2.2960759 2.1736110 2.2061439 2.0634179 2.3698387 2.3698387 2.0197310 2.2684990 2.2469214 2.2638734 2.4317647 2.2904160 2.5760787 2.5031149 2.2448157 2.3330037 2.3243847 2.3946447 2.3330037 2.3243847 2.0356684 2.1983414 
AAU11320.1_rhomboid_4__Toxoplasma_gondii                                                                        1.0530162 1.0476159 1.0467262 1.0500677 1.0430407 1.0473821 1.0488658 1.0440619 1.0504290 1.0477494 1.0006452 0.9982358 1.0451291 1.0447316 0.9704998 0.0049248 0.0065752 0.0016381 0.0032790 0.0032790 0.0016381 0.0000000 0.0032860 0.0032860 0.0757510 1.0099852 3.7723273 1.0812805 1.1940335 1.0748273 1.1860773 2.6901968 3.0452304 1.1430638 1.0908390 1.1356520 1.0282449 1.3048947 1.4573254 1.3074743 0.8231889 1.4507145 1.3046196 1.2937468 1.1297711 1.2860608 1.7923748 1.6791091 1.8355181 1.8960017 2.1249356 1.4585088 1.4311521 2.2960759 2.1736110 2.2061439 2.0634179 2.3698387 2.3698387 2.0197310 2.2684990 2.2469214 2.2638734 2.4317647 2.2904160 2.5760787 2.5031149 2.2448157 2.3330037 2.3243847 2.3946447 2.3330037 2.3243847 2.0356684 2.1983414 
CEL75482.1_TPA_rhomboid-like_protease_4__Toxoplasma_gondii_VEG                                                  1.0447905 1.0394320 1.0385452 1.0418653 1.0348759 1.0391276 1.0406738 1.0359039 1.0422213 1.0395614 0.9923506 0.9899593 1.0368607 1.0358162 0.9628818 0.0016408 0.0065889 0.0016415 0.0000010 0.0000010 0.0016415 0.0032860 0.0000000 0.0000010 0.0759176 1.0092058 3.7214912 1.0764408 1.1990458 1.0778541 1.1910479 2.6901968 3.0124758 1.1488420 1.0983881 1.1440701 1.0329381 1.3059157 1.4650092 1.3168031 0.8281117 1.4583332 1.3139077 1.2947177 1.1301046 1.2872869 1.7916145 1.6820543 1.8290248 1.8894947 2.1223743 1.4639009 1.4366664 2.2947711 2.1632143 2.1964510 2.0607348 2.3615698 2.3615698 2.0157554 2.2584984 2.2454083 2.2624437 2.4232919 2.2891122 2.5900847 2.5170051 2.2428702 2.3447847 2.3360298 2.4062294 2.3447847 2.3360298 2.0325949 2.1862116 
Q695T8.1_RecName_Full_Rhomboid-like_protease_4__Toxoplasma_gondii                                               1.0662279 1.0607899 1.0599001 1.0632561 1.0562076 1.0606680 1.0480373 1.0390983 1.0629036 1.0469201 0.9923506 0.9899593 1.0368607 1.0590962 0.9628818 0.0032373 0.0081198 0.0032367 0.0016166 0.0016166 0.0032367 0.0032860 0.0000010 0.0000000 0.0746651 1.0092058 4.1968517 1.0764408 1.2112923 1.0778541 1.2033035 3.2149149 3.3163648 1.1637852 1.1152204 1.1610634 1.0329381 1.3059157 1.4650092 1.3168031 0.8281117 1.4583332 1.3139077 1.2947177 1.1301046 1.2872869 1.8119259 1.6820543 1.8290248 1.8894947 2.1223743 1.4871450 1.4609825 2.2947711 2.1632143 2.1964510 2.0607348 2.3615698 2.3615698 2.0157554 2.2584984 2.2454083 2.2624437 2.4232919 2.2891122 2.5900847 2.5170051 2.2428702 2.3447847 2.3360298 2.4062294 2.3447847 2.3360298 2.0325949 2.1862116 
AMB77548.1_rhomboid-like_protease_4__Toxoplasma_gondii                                                          1.2612153 1.2544272 1.2534234 1.2574687 1.2490975 1.2560940 1.2413430 1.2307505 1.2570574 1.2400752 1.1845917 1.1816185 1.2309477 1.2717215 1.1536482 0.0781857 0.0800312 0.0745448 0.0763458 0.0763458 0.0745448 0.0757510 0.0759176 0.0746651 0.0000000 1.2204558 5.1503409 1.3441547 1.3980946 1.2955846 1.3899409 4.3409414 4.0992176 1.3842543 1.3413782 1.4067311 1.3977268 1.5924534 1.7606405 1.6984417 1.2735176 1.7513223 1.6936103 1.5764783 1.5239485 1.7059994 2.1337083 2.0083003 2.1315890 2.2342217 2.6921303 1.4851870 1.4589685 2.8016416 2.9351569 2.8834686 2.5493458 3.0292519 3.0292519 2.7157535 3.0051106 2.7131932 2.7341947 3.1415711 2.7341947 3.1023689 3.0404520 2.8690416 2.8092620 2.7962178 2.8484652 2.8092620 2.7962178 2.4732472 2.9077977 
XP_021338239.1_ROM4__Babesia_microti_strain_RI                                                                  0.9969542 0.9946827 0.9995104 0.9976751 0.9972814 0.9995104 0.9891557 1.0036273 1.0296480 1.0019502 0.9922807 0.9893045 0.9845053 0.9811396 0.9915779 1.0094185 1.0094185 1.0306671 1.0094185 1.0094185 1.0094185 1.0099852 1.0092058 1.0092058 1.2204558 0.0000000 1.0917739 0.3734080 1.2303476 1.2130971 1.2387610 1.5166334 1.0699124 1.1230950 1.0451328 1.0626111 1.1728627 1.2727737 1.5792785 1.5620819 0.9016336 1.5332283 1.4961458 1.2559586 1.1197003 1.2863594 1.6753189 1.5923858 1.9518437 1.9336060 1.8870897 1.5357628 1.4989392 2.1498722 1.7328877 1.9330241 2.1063280 1.9251193 1.9251193 1.9304996 1.9209705 2.2881028 2.2924915 1.9145287 2.2997805 2.4253957 2.3620634 2.1982920 2.3015746 2.2805130 2.3253307 2.3067947 2.2805130 2.0766691 2.1432247 
KNC35678.1_hypothetical_protein_PFLG_00419__Plasmodium_falciparum_RAJ116                                        0.0466760 0.0150388 0.0227222 0.0150388 0.0150388 0.0315572 0.0179008 0.0496962 0.2888886 0.0200565 0.0288125 0.0288125 0.2296460 0.0254367 1.3492833 5.2724087 5.2337790 4.8168354 5.2724087 5.2711059 5.3168071 3.7723273 3.7214912 4.1968517 5.1503409 1.0917739 0.0000000 1.9103119 2.9129458 0.5872370 2.9129458 0.0000010 0.2857549 2.9129458 2.9121463 2.9129458 0.5872370 1.3468115 1.6227728 0.0000010 0.5872370 1.5771808 0.0000010 1.3932183 1.3932183 1.3810862 2.6253388 2.7727134 1.1507261 1.1507261 0.0000010 3.0706042 3.0706042 2.5830038 0.9223172 2.5459794 2.8326807 2.5459794 2.5459794 1.5972619 0.9223172 2.8326807 2.8326807 0.9223172 2.8326807 2.0409584 2.1111215 0.5872370 2.0409584 2.0409584 2.1111215 2.1111215 2.0409584 2.8326807 0.2895749 
XP_021338238.1_ROM3__Babesia_microti_strain_RI                                                                  1.0051144 0.9895768 0.9950038 0.9929333 0.9924913 0.9950038 0.9962599 1.0044322 1.0211940 0.9936952 0.9909683 0.9875800 0.9821148 0.9869203 0.9773389 1.0812805 1.0812805 1.1034023 1.0812805 1.0812805 1.0812805 1.0812805 1.0764408 1.0764408 1.3441547 0.3734080 1.9103119 0.0000000 1.2264761 1.2213848 1.2390133 1.8780595 1.7405621 1.0219522 0.9868062 0.9913643 1.2207910 1.3279177 1.5792738 1.5252120 0.7817363 1.5714135 1.4963895 1.3238233 1.1430790 1.2362716 1.7085607 1.7241892 1.9016652 1.9473309 1.8190493 1.4301555 1.3849294 2.0484062 1.7098944 1.8266978 1.9879077 1.9040016 1.9040016 1.7831397 1.6879108 2.0652332 2.0652332 1.7884406 2.0711464 2.5885937 2.4323010 1.8983131 2.2904657 2.2679332 2.3020777 2.2960459 2.2679332 1.9534816 1.8596294 
XP_018638577.1_rhomboid_protease_ROM5__Toxoplasma_gondii_ME49                                                   1.6323199 1.6289144 1.6252945 1.6289144 1.6326111 1.6341653 1.5829187 1.5645505 1.6400273 1.5590500 1.5024735 1.5024735 1.5549996 1.6224931 1.4816319 1.2362296 1.2344058 1.2852487 1.2362296 1.2363336 1.2341353 1.1940335 1.1990458 1.2112923 1.3980946 1.2303476 2.9129458 1.2264761 0.0000000 0.0000010 0.0127062 2.5641766 2.6913469 0.0000010 0.0141053 0.0170512 0.0000010 1.4284142 1.8939979 1.7068598 0.0000010 1.8944661 1.6761647 1.4395387 1.3590145 1.4949263 2.0420976 1.8181259 2.0600331 2.0941343 2.2226690 0.0260408 0.0000010 2.4429164 2.0241159 2.1046683 2.3924272 2.2046594 2.2046594 2.1252277 1.9923563 2.5473574 2.5279823 2.1114040 2.5574044 2.8171852 2.6945468 2.2549506 2.4741423 2.4615564 2.5651729 2.4781322 2.4615564 2.3676414 2.2475239 
AAT84606.1_rhomboid_protease_5__Toxoplasma_gondii                                                               1.2553418 1.2526063 1.2555483 1.2526063 1.2562166 1.2555483 1.2523985 1.2467739 1.2553418 1.2467739 1.2553418 1.2553418 1.2523985 1.2387777 1.2553418 1.0732151 1.0732151 1.0732151 1.0732151 1.0732151 1.0732151 1.0748273 1.0778541 1.0778541 1.2955846 1.2130971 0.5872370 1.2213848 0.0000010 0.0000000 0.0135801 1.7429945 1.1819179 0.0000010 0.0129397 0.0285893 0.0000010 1.3323257 1.7863611 1.7068598 0.0000010 1.7741380 1.6761647 1.3408117 1.2123910 1.3811753 1.7641891 1.7314870 2.0600331 2.0941343 2.2226690 0.0575579 0.0000010 2.4674265 2.0241159 2.0158750 2.3486436 2.1302903 2.1302903 2.0979626 1.9923563 2.5166207 2.4962644 2.1114040 2.5271283 2.8469918 2.7137714 2.2549506 2.4845324 2.4711953 2.5758382 2.4845324 2.4711953 2.3188672 2.2814627 
KFH03372.1_rhomboid_protease_ROM5__Toxoplasma_gondii_VAND                                                       1.6394867 1.6360567 1.6324111 1.6360567 1.6397826 1.6413976 1.5899861 1.5715881 1.6475960 1.5661058 1.5094767 1.5094767 1.5621359 1.6277304 1.4872654 1.2283456 1.2265279 1.2771982 1.2283456 1.2284479 1.2262633 1.1860773 1.1910479 1.2033035 1.3899409 1.2387610 2.9129458 1.2390133 0.0127062 0.0135801 0.0000000 2.5641766 2.6934772 0.0132187 0.0161345 0.0322535 0.0110221 1.4155107 1.8799699 1.6955772 0.0104510 1.8803738 1.6650321 1.4265353 1.3422141 1.4782033 2.0551231 1.8087715 2.0574201 2.0914380 2.2030985 0.0408862 0.0148132 2.4133389 2.0224213 2.1011157 2.3959043 2.2044371 2.2044371 2.1491622 1.9967796 2.5491417 2.5297952 2.1181582 2.5591770 2.8323060 2.7367816 2.2742082 2.4977742 2.4849955 2.5882429 2.5017883 2.4849955 2.3714267 2.2530090 
ETW62997.1_hypothetical_protein_PFMC_00978__Plasmodium_falciparum_CAMP/Malaysia                                 0.1724499 0.1351806 0.1471161 0.1351806 0.1351806 0.1466426 0.1734550 0.2498941 0.7288258 0.2063868 0.3493543 0.3493543 0.6214404 0.3095867 0.8916667 4.4172501 4.4166270 4.0781509 4.4172501 4.4166270 4.4166270 2.6901968 2.6901968 3.2149149 4.3409414 1.5166334 0.0000010 1.8780595 2.5641766 1.7429945 2.5641766 0.0000000 0.1743643 2.5641766 2.5626625 2.5641766 2.3437155 1.6748388 1.7839353 1.3329816 2.3437155 1.7984596 1.3329816 1.7085812 1.7085812 1.7306233 2.2502698 3.0883834 1.8675230 1.7320530 0.4911471 2.5834223 2.5834223 2.5162366 1.6800346 2.6613015 2.9185209 2.6613015 2.6613015 2.4232649 2.3594680 2.9185209 2.9185209 2.3594680 2.9185209 2.7975203 2.8578137 1.8862618 2.7975203 2.7118287 2.8578137 2.8578137 2.7118287 2.9185209 1.6828487 
EWC78272.1_hypothetical_protein_C923_01049__Plasmodium_falciparum_UGT5.1                                        0.2995064 0.2980004 0.2872300 0.2980004 0.2980004 0.3199424 0.3478372 0.3355399 0.7786779 0.3948900 0.3612819 0.3612819 0.5303011 0.5185132 1.2094508 3.9124421 3.9254714 3.7847946 3.9124421 3.9124682 3.9430612 3.0452304 3.0124758 3.3163648 4.0992176 1.0699124 0.2857549 1.7405621 2.6913469 1.1819179 2.6934772 0.1743643 0.0000000 2.8448182 2.8439987 2.8448182 1.1819179 2.2109350 1.8888424 2.5017932 1.7999622 1.9177507 2.5017932 2.1724498 1.9727954 2.1765687 3.1008488 3.5613468 3.3069894 3.6548348 0.7928640 2.9621756 2.9621756 2.2116394 1.4454247 2.2291163 2.8490096 2.2291163 2.2291163 2.2508414 1.4454247 3.2445204 3.2445204 1.4454247 3.2445204 2.2561489 2.3127299 2.5683953 2.5279145 2.5279145 2.5955373 2.5955373 2.5279145 3.5955866 1.1446641 
PUA86811.1_rhomboid_protease_ROM5_partial__Toxoplasma_gondii_TgCATBr9                                           1.6164492 1.6159992 1.6081046 1.6159992 1.6204047 1.6185160 1.5604320 1.5444689 1.6247847 1.5376830 1.4583014 1.4583014 1.5259608 1.5700148 1.4305916 1.1946215 1.1924637 1.2526075 1.1946215 1.1947358 1.1921755 1.1430638 1.1488420 1.1637852 1.3842543 1.1230950 2.9129458 1.0219522 0.0000010 0.0000010 0.0132187 2.5641766 2.8448182 0.0000000 0.0141053 0.0171456 0.0000010 1.3129988 1.5782754 1.1904775 0.0000010 1.6043169 1.1927792 1.3145515 1.3590145 1.4796641 2.0100113 1.7154546 1.8875061 1.8849416 2.1287890 0.0260408 0.0000010 2.3972208 1.9426169 2.1046683 2.3723297 2.1593754 2.1593754 2.0937526 1.9923563 2.3931711 2.3723297 2.0535577 2.4037128 2.4403577 2.4617215 2.0095947 2.3984339 2.3852046 2.4027576 2.4027576 2.3852046 2.3458368 2.1314161 
KFG59548.1_rhomboid_protease_ROM5__Toxoplasma_gondii_RUB                                                        1.5865409 1.5860404 1.5778202 1.5860404 1.5906221 1.5884024 1.5266569 1.5093930 1.5934157 1.5019425 1.4171100 1.4171100 1.4894330 1.5343835 1.3833986 1.1489193 1.1466615 1.2095938 1.1489193 1.1490288 1.1463964 1.0908390 1.0983881 1.1152204 1.3413782 1.0451328 2.9121463 0.9868062 0.0141053 0.0129397 0.0161345 2.5626625 2.8439987 0.0141053 0.0000000 0.0218198 0.0071530 1.2625116 1.5795937 1.1536831 0.0062872 1.6067349 1.1560580 1.2624372 1.3507311 1.4478334 1.9898677 1.7170652 1.8993920 1.8968069 2.1384888 0.0439297 0.0178262 2.4065061 1.9641466 2.1027013 2.3731809 2.1887991 2.1887991 2.0970836 2.0015733 2.3940520 2.3731809 2.0934830 2.4046105 2.4204184 2.4248503 2.0125355 2.4204184 2.4067414 2.4248503 2.4248503 2.4067414 2.3467142 2.1597186 
PIL97796.1_rhomboid_protease_ROM5__Toxoplasma_gondii_COUG                                                       1.6479967 1.6475144 1.6384308 1.6475144 1.6525959 1.6507098 1.5850223 1.5671378 1.6597623 1.5595893 1.4695128 1.4695128 1.5465696 1.6075869 1.4382536 1.1959933 1.1935553 1.2614994 1.1959933 1.1961228 1.1932287 1.1356520 1.1440701 1.1610634 1.4067311 1.0626111 2.9129458 0.9913643 0.0170512 0.0285893 0.0322535 2.5641766 2.8448182 0.0171456 0.0218198 0.0000000 0.0737213 1.2832903 1.6646337 1.2071250 0.0639188 1.6968237 1.2102093 1.2760450 1.2294043 1.2605867 2.0941414 1.8167245 1.9233431 1.9463374 2.0206387 0.0260408 0.0000010 2.3693048 1.9573791 2.2200824 2.3297665 2.2184707 2.2184707 1.9618591 2.0926429 2.3585381 2.3347520 2.0908012 2.3705122 2.4592975 2.4014182 1.8823196 2.4092731 2.3933571 2.4144601 2.4144601 2.3933571 2.2948206 2.1447469 
KFG46709.1_rhomboid_protease_ROM5__Toxoplasma_gondii_FOU                                                        1.2038479 1.1997121 1.2042242 1.1997121 1.1997121 1.2042242 1.1993326 1.1905791 1.2038479 1.1905791 1.2038479 1.2038479 1.1993326 1.1628347 1.2038479 1.0257262 1.0257262 1.0257262 1.0257262 1.0257262 1.0257262 1.0282449 1.0329381 1.0329381 1.3977268 1.1728627 0.5872370 1.2207910 0.0000010 0.0000010 0.0110221 2.3437155 1.1819179 0.0000010 0.0071530 0.0737213 0.0000000 1.3268418 1.7476339 1.7476339 0.0000010 1.7108749 1.7108749 1.3483115 1.1233959 1.4072889 1.6011307 1.6648211 1.9144596 1.9727338 2.1601326 1.5796677 0.0000010 2.1601326 2.0219922 1.8302783 2.0569173 2.0219922 2.0219922 2.0569173 1.8302783 2.2846710 2.2846710 2.0219922 2.3224157 2.6180375 2.4383867 2.2846710 2.1684623 2.1684623 2.2989750 2.1684623 2.1684623 1.9566876 2.0820120 
KAH0485929.1_MAG_hypothetical_protein_KVP18_003656__Porospora_cf._gigantea_A                                    1.4346178 1.4379582 1.4347415 1.4379582 1.4379582 1.4347415 1.4378368 1.4332406 1.4777180 1.4251392 1.4265137 1.4265137 1.4297554 1.3606595 1.4205930 1.3048947 1.3048947 1.3204402 1.3048947 1.3048947 1.3048947 1.3048947 1.3059157 1.3059157 1.5924534 1.2727737 1.3468115 1.3279177 1.4284142 1.3323257 1.4155107 1.6748388 2.2109350 1.3129988 1.2625116 1.2832903 1.3268418 0.0000000 1.3147102 1.1936586 1.0779372 1.3023942 1.1806474 0.0562946 0.1070838 0.1573806 1.5664844 1.5065466 1.6704854 1.6923417 2.0671293 1.8385219 1.7987353 2.2570759 2.1727571 2.2368017 2.3202744 2.3869995 2.3869995 1.9901994 2.1844016 2.5950816 2.5746804 2.3515450 2.6057422 2.7818098 2.7922343 2.2451273 2.7370776 2.7216614 2.8791228 2.7520595 2.7216614 2.3054784 2.1235078 
KAH0475714.1_MAG_hypothetical_protein_KVP18_002882__Porospora_cf._gigantea_A                                    1.5588968 1.5642587 1.5557008 1.5642587 1.5642587 1.5550569 1.5671406 1.5683019 1.6313221 1.5764048 1.5440426 1.5440426 1.5963426 1.4334294 1.5547387 1.4573254 1.4573254 1.4833819 1.4573254 1.4573254 1.4573254 1.4573254 1.4650092 1.4650092 1.7606405 1.5792785 1.6227728 1.5792738 1.8939979 1.7863611 1.8799699 1.7839353 1.8888424 1.5782754 1.5795937 1.6646337 1.7476339 1.3147102 0.0000000 0.0000010 1.1593028 0.0501212 0.0457204 1.3130253 1.1724701 1.2945797 1.6024689 1.8072484 1.9825322 1.9194657 2.0291386 2.3723377 2.3783527 2.3993017 2.1657851 2.2678730 2.1138294 2.5158326 2.5158326 2.0855702 2.1033516 2.2928234 2.2907226 2.3715015 2.2976676 2.7410931 2.5778016 2.2361003 2.4951968 2.4862843 2.6391636 2.5160115 2.4862843 2.0766423 2.3468267 
KAH0475713.1_MAG_hypothetical_protein_KVP18_002882__Porospora_cf._gigantea_A                                    1.4521119 1.4599884 1.4482631 1.4599884 1.4599884 1.4482631 1.4638674 1.4654255 1.4521119 1.4654255 1.4521119 1.4521119 1.4638674 1.2638752 1.4521119 1.3074743 1.3074743 1.3074743 1.3074743 1.3074743 1.3074743 1.3074743 1.3168031 1.3168031 1.6984417 1.5620819 0.0000010 1.5252120 1.7068598 1.7068598 1.6955772 1.3329816 2.5017932 1.1904775 1.1536831 1.2071250 1.7476339 1.1936586 0.0000010 0.0000000 1.1593028 0.0457204 0.0457204 1.1772848 0.8947040 1.1202328 1.2679589 1.6317872 2.0257376 1.9817150 2.0291386 2.3623475 2.4952319 2.0465747 2.1375011 1.7744593 1.9956076 2.1055570 2.1055570 2.0617620 1.7744593 2.2250095 2.2250095 2.1055570 2.2331348 2.6927427 2.4653641 2.2361003 2.3929828 2.3929828 2.5464035 2.3929828 2.3929828 1.9330893 2.2499457 
KFG37370.1_rhomboid_protease_ROM5_partial__Toxoplasma_gondii_GAB2-2007-GAL-DOM2                                 0.9100897 0.9100897 0.9100897 0.9100897 0.9100897 0.9100897 0.9100897 0.9100897 0.9100897 0.9100897 0.9100897 0.9100897 0.9100897 0.9100897 0.9100897 0.8204300 0.8204300 0.8204300 0.8204300 0.8204300 0.8204300 0.8231889 0.8281117 0.8281117 1.2735176 0.9016336 0.5872370 0.7817363 0.0000010 0.0000010 0.0104510 2.3437155 1.7999622 0.0000010 0.0062872 0.0639188 0.0000010 1.0779372 1.1593028 1.1593028 0.0000000 1.1593028 1.1593028 1.0863023 1.0994146 1.3180376 1.3183569 1.3185291 1.6222737 1.6574725 2.1198615 1.5423303 0.0000010 2.1198615 1.8650844 1.7798474 2.0441469 1.8650844 1.8650844 2.0398944 1.7798474 2.0441469 2.0441469 1.8650844 2.0808547 2.1374723 2.1579030 2.0095947 2.0915158 2.0915158 2.0915158 2.0915158 2.0915158 1.9531265 1.9569466 
KAH0480432.1_MAG_hypothetical_protein_KVP17_001564__Porospora_cf._gigantea_B                                    1.5703671 1.5532345 1.5613026 1.5532345 1.5532345 1.5655444 1.5560818 1.5686169 1.6436458 1.5766906 1.5460886 1.5460886 1.5816290 1.4602738 1.5654561 1.4507145 1.4507145 1.4727954 1.4507145 1.4507145 1.4507145 1.4507145 1.4583332 1.4583332 1.7513223 1.5332283 1.5771808 1.5714135 1.8944661 1.7741380 1.8803738 1.7984596 1.9177507 1.6043169 1.6067349 1.6968237 1.7108749 1.3023942 0.0501212 0.0457204 1.1593028 0.0000000 0.0000010 1.2971733 1.1667698 1.2782710 1.6055209 1.7584759 1.9829688 1.9447074 2.0314155 2.4659303 2.4790425 2.3393066 2.1657851 2.3141392 2.1501197 2.5602164 2.5602164 2.0855702 2.1357553 2.3237190 2.3216145 2.4020953 2.3287505 2.7890197 2.6135152 2.2317839 2.5283962 2.5193032 2.6773181 2.5495988 2.5193032 2.1154925 2.3331541 
KAH0480431.1_MAG_hypothetical_protein_KVP17_001564__Porospora_cf._gigantea_B                                    1.4459841 1.4312595 1.4421519 1.4312595 1.4312595 1.4421519 1.4350600 1.4520347 1.4459841 1.4520347 1.4459841 1.4459841 1.4350600 1.2749884 1.4459841 1.3046196 1.3046196 1.3046196 1.3046196 1.3046196 1.3046196 1.3046196 1.3139077 1.3139077 1.6936103 1.4961458 0.0000010 1.4963895 1.6761647 1.6761647 1.6650321 1.3329816 2.5017932 1.1927792 1.1560580 1.2102093 1.7108749 1.1806474 0.0457204 0.0457204 1.1593028 0.0000010 0.0000000 1.1624370 0.8951615 1.1014606 1.2644021 1.5910835 2.0216113 2.0104639 2.0314155 2.4214472 2.6665157 2.0488065 2.1375011 1.7940458 1.9999432 2.1234592 2.1234592 2.0617620 1.7940458 2.2250595 2.2250595 2.1234592 2.2331852 2.7052291 2.4645308 2.2317839 2.3909278 2.3909278 2.5502809 2.3909278 2.3909278 1.9377780 2.2122178 
KAH0472445.1_MAG_hypothetical_protein_KVP17_002876__Porospora_cf._gigantea_B                                    1.4607379 1.4640967 1.4608427 1.4640967 1.4640967 1.4608427 1.4639942 1.4593047 1.4994789 1.4514547 1.4528862 1.4528862 1.4561661 1.3676279 1.4451229 1.2937468 1.2937468 1.3121794 1.2937468 1.2937468 1.2937468 1.2937468 1.2947177 1.2947177 1.5764783 1.2559586 1.3932183 1.3238233 1.4395387 1.3408117 1.4265353 1.7085812 2.1724498 1.3145515 1.2624372 1.2760450 1.3483115 0.0562946 1.3130253 1.1772848 1.0863023 1.2971733 1.1624370 0.0000000 0.0731637 0.2136534 1.5411108 1.5117174 1.6483588 1.6694056 2.0513720 1.8294033 1.7887997 2.2629707 2.1314385 2.1737046 2.3266979 2.3256173 2.3256173 1.9710075 2.1510432 2.6075765 2.5871020 2.3182081 2.6182963 2.9187100 2.8549311 2.2332405 2.8381837 2.8216769 2.9854171 2.8496714 2.8216769 2.3251672 2.1647958 
KAH0472446.1_MAG_hypothetical_protein_KVP17_002876__Porospora_cf._gigantea_B                                    1.3000664 1.3000664 1.3000664 1.3000664 1.3000664 1.3000664 1.3000664 1.3000664 1.3494207 1.2869352 1.2869352 1.2869352 1.2869352 1.2830193 1.2701843 1.1297711 1.1297711 1.1606840 1.1297711 1.1297711 1.1297711 1.1297711 1.1301046 1.1301046 1.5239485 1.1197003 1.3932183 1.1430790 1.3590145 1.2123910 1.3422141 1.7085812 1.9727954 1.3590145 1.3507311 1.2294043 1.1233959 0.1070838 1.1724701 0.8947040 1.0994146 1.1667698 0.8951615 0.0731637 0.0000000 0.0586086 1.4394515 1.6753529 1.5675287 1.5675845 2.0112202 1.8294033 1.7887997 2.2918162 2.2789934 2.4891328 2.4902350 2.4891328 2.4891328 2.1178508 2.4970244 2.5151157 2.4902350 2.4970244 2.5279780 2.8694400 2.8843453 1.9977948 2.8694400 2.8479920 2.8843453 2.8843453 2.8479920 2.5027844 2.3674958 
KAH0485928.1_MAG_hypothetical_protein_KVP18_003656__Porospora_cf._gigantea_A                                    1.4493099 1.4493099 1.4493099 1.4493099 1.4493099 1.4493099 1.4493099 1.4493099 1.4976949 1.4387486 1.4387486 1.4387486 1.4387486 1.4093633 1.4417535 1.2860608 1.2860608 1.3068620 1.2860608 1.2860608 1.2860608 1.2860608 1.2872869 1.2872869 1.7059994 1.2863594 1.3810862 1.2362716 1.4949263 1.3811753 1.4782033 1.7306233 2.1765687 1.4796641 1.4478334 1.2605867 1.4072889 0.1573806 1.2945797 1.1202328 1.3180376 1.2782710 1.1014606 0.2136534 0.0586086 0.0000000 1.6452145 1.8210734 1.7641748 1.7529328 2.3021791 1.8213964 1.7794429 2.4923864 2.5430806 2.6433793 2.7941682 2.7191003 2.7191003 2.4982751 2.6199662 2.8213870 2.7941682 2.7033100 2.8361255 2.9675442 3.0619042 2.3569246 3.0412618 3.0192301 3.1265345 3.0619042 3.0192301 2.8159120 2.6075014 
